     0/119     4.09G   0.08257    0.2868         0    0.3694        80       896    0.3477    0.9084    0.6612     0.268   0.05343    0.2518         0
     1/119     4.05G   0.06286    0.2596         0    0.3225       160       896    0.3929    0.8929    0.8199    0.3419   0.05421    0.2441         0
     2/119     4.05G    0.0687    0.3036         0    0.3723       110       320    0.1598    0.8357    0.3327    0.1195   0.06394    0.3613         0
     3/119     4.05G   0.06524    0.2934         0    0.3586        62       704    0.2062    0.7939    0.3668    0.1351   0.05784    0.3028         0
     4/119     4.05G   0.06065    0.2811         0    0.3418       140       864    0.2591    0.8539    0.3992    0.1565   0.05257    0.2898         0
     5/119     4.06G   0.06012    0.2936         0    0.3538        93       512   0.03228     0.163  0.008447  0.002334   0.08768     7.802         0
     6/119     4.06G   0.05936    0.2861         0    0.3455       118       608     0.379    0.8599    0.7702    0.3229   0.05129    0.2598         0
     7/119     4.06G   0.05802      0.28         0     0.338       132       640    0.2979    0.8545    0.5131    0.2137   0.05257    0.2694         0
     8/119     4.06G   0.05557    0.2648         0    0.3204       158       768    0.2288    0.8458    0.3436    0.1447    0.0536    0.3451         0
     9/119     4.06G   0.05411    0.2659         0      0.32        73       896    0.2679    0.8768    0.3563    0.1458   0.05184    0.3762         0
    10/119     4.06G    0.0529    0.2613         0    0.3142       217       576    0.4333    0.8848    0.7448    0.3282   0.04778    0.2619         0
    11/119     4.06G   0.05234    0.2595         0    0.3119       155       608    0.4412    0.8613    0.7219     0.316   0.04906    0.2611         0
    12/119     4.06G   0.05271    0.2612         0    0.3139       184       480    0.3929    0.8721    0.6896     0.302   0.05208    0.2802         0
    13/119     4.06G    0.0537    0.2728         0    0.3265       104       416    0.3049    0.8525    0.6695    0.2761   0.05291    0.2911         0
    14/119     4.06G   0.05285    0.2636         0    0.3164        53       704     0.441    0.8902    0.8492    0.3909   0.04834    0.2544         0
    15/119     4.06G   0.05125    0.2558         0    0.3071       190       576    0.3805    0.8949    0.7776    0.3433   0.04868     0.252         0
    16/119     4.06G   0.05259    0.2636         0    0.3162        90       608    0.3309    0.8524     0.431    0.1798   0.05027    0.2676         0
    17/119     4.06G   0.05057    0.2555         0     0.306        77       448    0.4773    0.8923    0.8163    0.3734   0.04659    0.2484         0
